	 time (data) (sorted)
   0 ns (x x x x) (x x x x)
  10 ns (0 0 0 0) (0 0 0 0)
  20 ns (0 0 0 1) (1 0 0 0)
  30 ns (0 0 0 2) (2 0 0 0)
  40 ns (0 0 0 3) (3 0 0 0)
  50 ns (0 0 1 0) (1 0 0 0)
  60 ns (0 0 1 1) (1 1 0 0)
  70 ns (0 0 1 2) (2 1 0 0)
  80 ns (0 0 1 3) (3 1 0 0)
  90 ns (0 0 2 0) (2 0 0 0)
 100 ns (0 0 2 1) (2 1 0 0)
 110 ns (0 0 2 2) (2 2 0 0)
 120 ns (0 0 2 3) (3 2 0 0)
 130 ns (0 0 3 0) (3 0 0 0)
 140 ns (0 0 3 1) (3 1 0 0)
 150 ns (0 0 3 2) (3 2 0 0)
 160 ns (0 0 3 3) (3 3 0 0)
 170 ns (0 1 0 0) (1 0 0 0)
 180 ns (0 1 0 1) (1 1 0 0)
 190 ns (0 1 0 2) (2 1 0 0)
 200 ns (0 1 0 3) (3 1 0 0)
 210 ns (0 1 1 0) (1 1 0 0)
 220 ns (0 1 1 1) (1 1 1 0)
 230 ns (0 1 1 2) (2 1 1 0)
 240 ns (0 1 1 3) (3 1 1 0)
 250 ns (0 1 2 0) (2 1 0 0)
 260 ns (0 1 2 1) (2 1 1 0)
 270 ns (0 1 2 2) (2 2 1 0)
 280 ns (0 1 2 3) (3 2 1 0)
 290 ns (0 1 3 0) (3 1 0 0)
 300 ns (0 1 3 1) (3 1 1 0)
 310 ns (0 1 3 2) (3 2 1 0)
 320 ns (0 1 3 3) (3 3 1 0)
 330 ns (0 2 0 0) (2 0 0 0)
 340 ns (0 2 0 1) (2 1 0 0)
 350 ns (0 2 0 2) (2 2 0 0)
 360 ns (0 2 0 3) (3 2 0 0)
 370 ns (0 2 1 0) (2 1 0 0)
 380 ns (0 2 1 1) (2 1 1 0)
 390 ns (0 2 1 2) (2 2 1 0)
 400 ns (0 2 1 3) (3 2 1 0)
 410 ns (0 2 2 0) (2 2 0 0)
 420 ns (0 2 2 1) (2 2 1 0)
 430 ns (0 2 2 2) (2 2 2 0)
 440 ns (0 2 2 3) (3 2 2 0)
 450 ns (0 2 3 0) (3 2 0 0)
 460 ns (0 2 3 1) (3 2 1 0)
 470 ns (0 2 3 2) (3 2 2 0)
 480 ns (0 2 3 3) (3 3 2 0)
 490 ns (0 3 0 0) (3 0 0 0)
 500 ns (0 3 0 1) (3 1 0 0)
 510 ns (0 3 0 2) (3 2 0 0)
 520 ns (0 3 0 3) (3 3 0 0)
 530 ns (0 3 1 0) (3 1 0 0)
 540 ns (0 3 1 1) (3 1 1 0)
 550 ns (0 3 1 2) (3 2 1 0)
 560 ns (0 3 1 3) (3 3 1 0)
 570 ns (0 3 2 0) (3 2 0 0)
 580 ns (0 3 2 1) (3 2 1 0)
 590 ns (0 3 2 2) (3 2 2 0)
 600 ns (0 3 2 3) (3 3 2 0)
 610 ns (0 3 3 0) (3 3 0 0)
 620 ns (0 3 3 1) (3 3 1 0)
 630 ns (0 3 3 2) (3 3 2 0)
 640 ns (0 3 3 3) (3 3 3 0)
 650 ns (1 0 0 0) (1 0 0 0)
 660 ns (1 0 0 1) (1 1 0 0)
 670 ns (1 0 0 2) (2 1 0 0)
 680 ns (1 0 0 3) (3 1 0 0)
 690 ns (1 0 1 0) (1 1 0 0)
 700 ns (1 0 1 1) (1 1 1 0)
 710 ns (1 0 1 2) (2 1 1 0)
 720 ns (1 0 1 3) (3 1 1 0)
 730 ns (1 0 2 0) (2 1 0 0)
 740 ns (1 0 2 1) (2 1 1 0)
 750 ns (1 0 2 2) (2 2 1 0)
 760 ns (1 0 2 3) (3 2 1 0)
 770 ns (1 0 3 0) (3 1 0 0)
 780 ns (1 0 3 1) (3 1 1 0)
 790 ns (1 0 3 2) (3 2 1 0)
 800 ns (1 0 3 3) (3 3 1 0)
 810 ns (1 1 0 0) (1 1 0 0)
 820 ns (1 1 0 1) (1 1 1 0)
 830 ns (1 1 0 2) (2 1 1 0)
 840 ns (1 1 0 3) (3 1 1 0)
 850 ns (1 1 1 0) (1 1 1 0)
 860 ns (1 1 1 1) (1 1 1 1)
 870 ns (1 1 1 2) (2 1 1 1)
 880 ns (1 1 1 3) (3 1 1 1)
 890 ns (1 1 2 0) (2 1 1 0)
 900 ns (1 1 2 1) (2 1 1 1)
 910 ns (1 1 2 2) (2 2 1 1)
 920 ns (1 1 2 3) (3 2 1 1)
 930 ns (1 1 3 0) (3 1 1 0)
 940 ns (1 1 3 1) (3 1 1 1)
 950 ns (1 1 3 2) (3 2 1 1)
 960 ns (1 1 3 3) (3 3 1 1)
 970 ns (1 2 0 0) (2 1 0 0)
 980 ns (1 2 0 1) (2 1 1 0)
 990 ns (1 2 0 2) (2 2 1 0)
1000 ns (1 2 0 3) (3 2 1 0)
1010 ns (1 2 1 0) (2 1 1 0)
1020 ns (1 2 1 1) (2 1 1 1)
1030 ns (1 2 1 2) (2 2 1 1)
1040 ns (1 2 1 3) (3 2 1 1)
1050 ns (1 2 2 0) (2 2 1 0)
1060 ns (1 2 2 1) (2 2 1 1)
1070 ns (1 2 2 2) (2 2 2 1)
1080 ns (1 2 2 3) (3 2 2 1)
1090 ns (1 2 3 0) (3 2 1 0)
1100 ns (1 2 3 1) (3 2 1 1)
1110 ns (1 2 3 2) (3 2 2 1)
1120 ns (1 2 3 3) (3 3 2 1)
1130 ns (1 3 0 0) (3 1 0 0)
1140 ns (1 3 0 1) (3 1 1 0)
1150 ns (1 3 0 2) (3 2 1 0)
1160 ns (1 3 0 3) (3 3 1 0)
1170 ns (1 3 1 0) (3 1 1 0)
1180 ns (1 3 1 1) (3 1 1 1)
1190 ns (1 3 1 2) (3 2 1 1)
1200 ns (1 3 1 3) (3 3 1 1)
1210 ns (1 3 2 0) (3 2 1 0)
1220 ns (1 3 2 1) (3 2 1 1)
1230 ns (1 3 2 2) (3 2 2 1)
1240 ns (1 3 2 3) (3 3 2 1)
1250 ns (1 3 3 0) (3 3 1 0)
1260 ns (1 3 3 1) (3 3 1 1)
1270 ns (1 3 3 2) (3 3 2 1)
1280 ns (1 3 3 3) (3 3 3 1)
1290 ns (2 0 0 0) (2 0 0 0)
1300 ns (2 0 0 1) (2 1 0 0)
1310 ns (2 0 0 2) (2 2 0 0)
1320 ns (2 0 0 3) (3 2 0 0)
1330 ns (2 0 1 0) (2 1 0 0)
1340 ns (2 0 1 1) (2 1 1 0)
1350 ns (2 0 1 2) (2 2 1 0)
1360 ns (2 0 1 3) (3 2 1 0)
1370 ns (2 0 2 0) (2 2 0 0)
1380 ns (2 0 2 1) (2 2 1 0)
1390 ns (2 0 2 2) (2 2 2 0)
1400 ns (2 0 2 3) (3 2 2 0)
1410 ns (2 0 3 0) (3 2 0 0)
1420 ns (2 0 3 1) (3 2 1 0)
1430 ns (2 0 3 2) (3 2 2 0)
1440 ns (2 0 3 3) (3 3 2 0)
1450 ns (2 1 0 0) (2 1 0 0)
1460 ns (2 1 0 1) (2 1 1 0)
1470 ns (2 1 0 2) (2 2 1 0)
1480 ns (2 1 0 3) (3 2 1 0)
1490 ns (2 1 1 0) (2 1 1 0)
1500 ns (2 1 1 1) (2 1 1 1)
1510 ns (2 1 1 2) (2 2 1 1)
1520 ns (2 1 1 3) (3 2 1 1)
1530 ns (2 1 2 0) (2 2 1 0)
1540 ns (2 1 2 1) (2 2 1 1)
1550 ns (2 1 2 2) (2 2 2 1)
1560 ns (2 1 2 3) (3 2 2 1)
1570 ns (2 1 3 0) (3 2 1 0)
1580 ns (2 1 3 1) (3 2 1 1)
1590 ns (2 1 3 2) (3 2 2 1)
1600 ns (2 1 3 3) (3 3 2 1)
1610 ns (2 2 0 0) (2 2 0 0)
1620 ns (2 2 0 1) (2 2 1 0)
1630 ns (2 2 0 2) (2 2 2 0)
1640 ns (2 2 0 3) (3 2 2 0)
1650 ns (2 2 1 0) (2 2 1 0)
1660 ns (2 2 1 1) (2 2 1 1)
1670 ns (2 2 1 2) (2 2 2 1)
1680 ns (2 2 1 3) (3 2 2 1)
1690 ns (2 2 2 0) (2 2 2 0)
1700 ns (2 2 2 1) (2 2 2 1)
1710 ns (2 2 2 2) (2 2 2 2)
1720 ns (2 2 2 3) (3 2 2 2)
1730 ns (2 2 3 0) (3 2 2 0)
1740 ns (2 2 3 1) (3 2 2 1)
1750 ns (2 2 3 2) (3 2 2 2)
1760 ns (2 2 3 3) (3 3 2 2)
1770 ns (2 3 0 0) (3 2 0 0)
1780 ns (2 3 0 1) (3 2 1 0)
1790 ns (2 3 0 2) (3 2 2 0)
1800 ns (2 3 0 3) (3 3 2 0)
1810 ns (2 3 1 0) (3 2 1 0)
1820 ns (2 3 1 1) (3 2 1 1)
1830 ns (2 3 1 2) (3 2 2 1)
1840 ns (2 3 1 3) (3 3 2 1)
1850 ns (2 3 2 0) (3 2 2 0)
1860 ns (2 3 2 1) (3 2 2 1)
1870 ns (2 3 2 2) (3 2 2 2)
1880 ns (2 3 2 3) (3 3 2 2)
1890 ns (2 3 3 0) (3 3 2 0)
1900 ns (2 3 3 1) (3 3 2 1)
1910 ns (2 3 3 2) (3 3 2 2)
1920 ns (2 3 3 3) (3 3 3 2)
1930 ns (3 0 0 0) (3 0 0 0)
1940 ns (3 0 0 1) (3 1 0 0)
1950 ns (3 0 0 2) (3 2 0 0)
1960 ns (3 0 0 3) (3 3 0 0)
1970 ns (3 0 1 0) (3 1 0 0)
1980 ns (3 0 1 1) (3 1 1 0)
1990 ns (3 0 1 2) (3 2 1 0)
2000 ns (3 0 1 3) (3 3 1 0)
2010 ns (3 0 2 0) (3 2 0 0)
2020 ns (3 0 2 1) (3 2 1 0)
2030 ns (3 0 2 2) (3 2 2 0)
2040 ns (3 0 2 3) (3 3 2 0)
2050 ns (3 0 3 0) (3 3 0 0)
2060 ns (3 0 3 1) (3 3 1 0)
2070 ns (3 0 3 2) (3 3 2 0)
2080 ns (3 0 3 3) (3 3 3 0)
2090 ns (3 1 0 0) (3 1 0 0)
2100 ns (3 1 0 1) (3 1 1 0)
2110 ns (3 1 0 2) (3 2 1 0)
2120 ns (3 1 0 3) (3 3 1 0)
2130 ns (3 1 1 0) (3 1 1 0)
2140 ns (3 1 1 1) (3 1 1 1)
2150 ns (3 1 1 2) (3 2 1 1)
2160 ns (3 1 1 3) (3 3 1 1)
2170 ns (3 1 2 0) (3 2 1 0)
2180 ns (3 1 2 1) (3 2 1 1)
2190 ns (3 1 2 2) (3 2 2 1)
2200 ns (3 1 2 3) (3 3 2 1)
2210 ns (3 1 3 0) (3 3 1 0)
2220 ns (3 1 3 1) (3 3 1 1)
2230 ns (3 1 3 2) (3 3 2 1)
2240 ns (3 1 3 3) (3 3 3 1)
2250 ns (3 2 0 0) (3 2 0 0)
2260 ns (3 2 0 1) (3 2 1 0)
2270 ns (3 2 0 2) (3 2 2 0)
2280 ns (3 2 0 3) (3 3 2 0)
2290 ns (3 2 1 0) (3 2 1 0)
2300 ns (3 2 1 1) (3 2 1 1)
2310 ns (3 2 1 2) (3 2 2 1)
2320 ns (3 2 1 3) (3 3 2 1)
2330 ns (3 2 2 0) (3 2 2 0)
2340 ns (3 2 2 1) (3 2 2 1)
2350 ns (3 2 2 2) (3 2 2 2)
2360 ns (3 2 2 3) (3 3 2 2)
2370 ns (3 2 3 0) (3 3 2 0)
2380 ns (3 2 3 1) (3 3 2 1)
2390 ns (3 2 3 2) (3 3 2 2)
2400 ns (3 2 3 3) (3 3 3 2)
2410 ns (3 3 0 0) (3 3 0 0)
2420 ns (3 3 0 1) (3 3 1 0)
2430 ns (3 3 0 2) (3 3 2 0)
2440 ns (3 3 0 3) (3 3 3 0)
2450 ns (3 3 1 0) (3 3 1 0)
2460 ns (3 3 1 1) (3 3 1 1)
2470 ns (3 3 1 2) (3 3 2 1)
2480 ns (3 3 1 3) (3 3 3 1)
2490 ns (3 3 2 0) (3 3 2 0)
2500 ns (3 3 2 1) (3 3 2 1)
2510 ns (3 3 2 2) (3 3 2 2)
2520 ns (3 3 2 3) (3 3 3 2)
2530 ns (3 3 3 0) (3 3 3 0)
2540 ns (3 3 3 1) (3 3 3 1)
2550 ns (3 3 3 2) (3 3 3 2)
