0000
0001
0010
0001
0010
0011
0100
0011
0100
0101
0110
0101
0110
0111
1000
0111
0001
0010
0011
0010
0011
0100
0101
0100
0101
0110
0111
0110
0111
1000
1001
1000
0010
0011
0100
0011
0100
0101
0110
0101
0110
0111
1000
0111
1000
1001
1010
1001
0011
0100
0101
0100
0101
0110
0111
0110
0111
1000
1001
1000
1001
1010
1011
1010
0100
0101
0110
0101
0110
0111
1000
0111
1000
1001
1010
1001
1010
1011
1100
1011
0101
0110
0111
0110
0111
1000
1001
1000
1001
1010
1011
1010
1011
1100
1101
1100
0110
0111
1000
0111
1000
1001
1010
1001
1010
1011
1100
1011
1100
1101
1110
1101
0111
1000
1001
1000
1001
1010
1011
1010
1011
1100
1101
1100
1101
1110
1111
1110