	   time a b max
	   0ns  0  0  0
	   5ns  0  1  1
	  10ns  0  2  2
	  15ns  0  3  3
	  20ns  0  4  4
	  25ns  0  5  5
	  30ns  0  6  6
	  35ns  0  7  7
	  40ns  0  8  8
	  45ns  0  9  9
	  50ns  0 10 10
	  55ns  0 11 11
	  60ns  0 12 12
	  65ns  0 13 13
	  70ns  0 14 14
	  75ns  0 15 15
	  80ns  1  0  1
	  85ns  1  1  1
	  90ns  1  2  2
	  95ns  1  3  3
	 100ns  1  4  4
	 105ns  1  5  5
	 110ns  1  6  6
	 115ns  1  7  7
	 120ns  1  8  8
	 125ns  1  9  9
	 130ns  1 10 10
	 135ns  1 11 11
	 140ns  1 12 12
	 145ns  1 13 13
	 150ns  1 14 14
	 155ns  1 15 15
	 160ns  2  0  2
	 165ns  2  1  2
	 170ns  2  2  2
	 175ns  2  3  3
	 180ns  2  4  4
	 185ns  2  5  5
	 190ns  2  6  6
	 195ns  2  7  7
	 200ns  2  8  8
	 205ns  2  9  9
	 210ns  2 10 10
	 215ns  2 11 11
	 220ns  2 12 12
	 225ns  2 13 13
	 230ns  2 14 14
	 235ns  2 15 15
	 240ns  3  0  3
	 245ns  3  1  3
	 250ns  3  2  3
	 255ns  3  3  3
	 260ns  3  4  4
	 265ns  3  5  5
	 270ns  3  6  6
	 275ns  3  7  7
	 280ns  3  8  8
	 285ns  3  9  9
	 290ns  3 10 10
	 295ns  3 11 11
	 300ns  3 12 12
	 305ns  3 13 13
	 310ns  3 14 14
	 315ns  3 15 15
	 320ns  4  0  4
	 325ns  4  1  4
	 330ns  4  2  4
	 335ns  4  3  4
	 340ns  4  4  4
	 345ns  4  5  5
	 350ns  4  6  6
	 355ns  4  7  7
	 360ns  4  8  8
	 365ns  4  9  9
	 370ns  4 10 10
	 375ns  4 11 11
	 380ns  4 12 12
	 385ns  4 13 13
	 390ns  4 14 14
	 395ns  4 15 15
	 400ns  5  0  5
	 405ns  5  1  5
	 410ns  5  2  5
	 415ns  5  3  5
	 420ns  5  4  5
	 425ns  5  5  5
	 430ns  5  6  6
	 435ns  5  7  7
	 440ns  5  8  8
	 445ns  5  9  9
	 450ns  5 10 10
	 455ns  5 11 11
	 460ns  5 12 12
	 465ns  5 13 13
	 470ns  5 14 14
	 475ns  5 15 15
	 480ns  6  0  6
	 485ns  6  1  6
	 490ns  6  2  6
	 495ns  6  3  6
	 500ns  6  4  6
	 505ns  6  5  6
	 510ns  6  6  6
	 515ns  6  7  7
	 520ns  6  8  8
	 525ns  6  9  9
	 530ns  6 10 10
	 535ns  6 11 11
	 540ns  6 12 12
	 545ns  6 13 13
	 550ns  6 14 14
	 555ns  6 15 15
	 560ns  7  0  7
	 565ns  7  1  7
	 570ns  7  2  7
	 575ns  7  3  7
	 580ns  7  4  7
	 585ns  7  5  7
	 590ns  7  6  7
	 595ns  7  7  7
	 600ns  7  8  8
	 605ns  7  9  9
	 610ns  7 10 10
	 615ns  7 11 11
	 620ns  7 12 12
	 625ns  7 13 13
	 630ns  7 14 14
	 635ns  7 15 15
	 640ns  8  0  8
	 645ns  8  1  8
	 650ns  8  2  8
	 655ns  8  3  8
	 660ns  8  4  8
	 665ns  8  5  8
	 670ns  8  6  8
	 675ns  8  7  8
	 680ns  8  8  8
	 685ns  8  9  9
	 690ns  8 10 10
	 695ns  8 11 11
	 700ns  8 12 12
	 705ns  8 13 13
	 710ns  8 14 14
	 715ns  8 15 15
	 720ns  9  0  9
	 725ns  9  1  9
	 730ns  9  2  9
	 735ns  9  3  9
	 740ns  9  4  9
	 745ns  9  5  9
	 750ns  9  6  9
	 755ns  9  7  9
	 760ns  9  8  9
	 765ns  9  9  9
	 770ns  9 10 10
	 775ns  9 11 11
	 780ns  9 12 12
	 785ns  9 13 13
	 790ns  9 14 14
	 795ns  9 15 15
	 800ns 10  0 10
	 805ns 10  1 10
	 810ns 10  2 10
	 815ns 10  3 10
	 820ns 10  4 10
	 825ns 10  5 10
	 830ns 10  6 10
	 835ns 10  7 10
	 840ns 10  8 10
	 845ns 10  9 10
	 850ns 10 10 10
	 855ns 10 11 11
	 860ns 10 12 12
	 865ns 10 13 13
	 870ns 10 14 14
	 875ns 10 15 15
	 880ns 11  0 11
	 885ns 11  1 11
	 890ns 11  2 11
	 895ns 11  3 11
	 900ns 11  4 11
	 905ns 11  5 11
	 910ns 11  6 11
	 915ns 11  7 11
	 920ns 11  8 11
	 925ns 11  9 11
	 930ns 11 10 11
	 935ns 11 11 11
	 940ns 11 12 12
	 945ns 11 13 13
	 950ns 11 14 14
	 955ns 11 15 15
	 960ns 12  0 12
	 965ns 12  1 12
	 970ns 12  2 12
	 975ns 12  3 12
	 980ns 12  4 12
	 985ns 12  5 12
	 990ns 12  6 12
	 995ns 12  7 12
	 1000ns 12  8 12
	 1005ns 12  9 12
	 1010ns 12 10 12
	 1015ns 12 11 12
	 1020ns 12 12 12
	 1025ns 12 13 13
	 1030ns 12 14 14
	 1035ns 12 15 15
	 1040ns 13  0 13
	 1045ns 13  1 13
	 1050ns 13  2 13
	 1055ns 13  3 13
	 1060ns 13  4 13
	 1065ns 13  5 13
	 1070ns 13  6 13
	 1075ns 13  7 13
	 1080ns 13  8 13
	 1085ns 13  9 13
	 1090ns 13 10 13
	 1095ns 13 11 13
	 1100ns 13 12 13
	 1105ns 13 13 13
	 1110ns 13 14 14
	 1115ns 13 15 15
	 1120ns 14  0 14
	 1125ns 14  1 14
	 1130ns 14  2 14
	 1135ns 14  3 14
	 1140ns 14  4 14
	 1145ns 14  5 14
	 1150ns 14  6 14
	 1155ns 14  7 14
	 1160ns 14  8 14
	 1165ns 14  9 14
	 1170ns 14 10 14
	 1175ns 14 11 14
	 1180ns 14 12 14
	 1185ns 14 13 14
	 1190ns 14 14 14
	 1195ns 14 15 15
	 1200ns 15  0 15
	 1205ns 15  1 15
	 1210ns 15  2 15
	 1215ns 15  3 15
	 1220ns 15  4 15
	 1225ns 15  5 15
	 1230ns 15  6 15
	 1235ns 15  7 15
	 1240ns 15  8 15
	 1245ns 15  9 15
	 1250ns 15 10 15
	 1255ns 15 11 15
	 1260ns 15 12 15
	 1265ns 15 13 15
	 1270ns 15 14 15
	 1275ns 15 15 15
